cpu  1 1 1 1 1 1 1 1 1 1
cpu0 100 200 300 100 0 100 200 200 0 0
cpu1 1100 0 0 100 0 0 0 0 0 0
cpu2 1100 0 0 100 0 0 0 0 0 0
cpu3 1100 0 0 100 0 0 0 0 0 0
cpu4 1100 0 0 100 0 0 0 0 0 0
cpu5 1100 0 0 100 0 0 0 0 0 0
cpu6 1100 0 0 100 0 0 0 0 0 0
cpu7 1100 0 0 100 0 0 0 0 0 0
cpu8 100 0 0 1100 0 0 0 0 500 0
cpu9 100 0 0 600 500 0 0 0 0 0
cpu10 100 0 0 1100 0 0 0 0 0 0
cpu11 100 0 0 1100 0 0 0 0 0 0
cpu12 100 0 0 1100 0 0 0 0 0 0
cpu13 100 0 0 1100 0 0 0 0 0 0
cpu14 100 0 0 1100 0 0 0 0 0 0
cpu15 100 0 0 1100 0 0 0 0 0 0
cpu16 100 0 0 1100 0 0 0 0 0 0
cpu17 100 0 0 1100 0 0 0 0 0 0
cpu18 100 0 0 1100 0 0 0 0 0 0
cpu19 100 0 0 1100 0 0 0 0 0 0
cpu20 100 0 0 1100 0 0 0 0 0 0
cpu21 100 0 0 1100 0 0 0 0 0 0
cpu22 100 0 0 1100 0 0 0 0 0 0
cpu23 100 0 0 1100 0 0 0 0 0 0
cpu24 100 0 0 1100 0 0 0 0 0 0
cpu25 100 0 0 1100 0 0 0 0 0 0
cpu26 100 0 0 1100 0 0 0 0 0 0
cpu27 100 0 0 1100 0 0 0 0 0 0
cpu28 100 0 0 1100 0 0 0 0 0 0
cpu29 100 0 0 1100 0 0 0 0 0 0
cpu30 100 0 0 1100 0 0 0 0 0 0
cpu31 100 0 0 1100 0 0 0 0 0 0
intr 9
